1;05327241001054;05327241001054;13808028
2;00799666000151;BRASFARMA COMERCIO DE MEDICAMENTOS LTDA;18294;60560373;30
3;7899095249134;7899095249134;3;5.99;0.00;0.00
3;7899095233799;7899095233799;2;9.99;0.00;0.00
3;7899095239227;7899095239227;3;16.13;0.00;0.00
3;7899095244771;7899095244771;2;9.66;0.00;0.00
3;7899095263215;7899095263215;12;10.19;0.00;0.00
3;7899095261723;7899095261723;20;4.18;0.00;0.00
3;7898031313465;7898031313465;12;2.43;0.00;0.00
3;7897595602114;7897595602114;2;9.61;0.00;0.00
3;7899095202467;7899095202467;10;6.70;0.00;0.00
3;7897917000352;7897917000352;1;5.26;0.00;0.00
3;7899095204454;7899095204454;2;7.08;0.00;0.00
3;7896472513284;7896472513284;5;5.42;0.00;0.00
3;7899095201675;7899095201675;3;9.20;0.00;0.00
3;7899095203990;7899095203990;10;9.02;0.00;0.00
3;7899095204041;7899095204041;6;8.24;0.00;0.00
3;7898108612125;7898108612125;40;1.05;0.00;0.00
3;7898060132075;7898060132075;2;5.12;0.00;0.00
3;7894164006779;7894164006779;3;7.03;0.00;0.00
3;7899095249325;7899095249325;15;2.05;0.00;0.00
3;7899095234833;7899095234833;2;4.63;0.00;0.00
3;7898014566932;7898014566932;3;29.66;0.00;0.00
3;7899095250949;7899095250949;3;2.57;0.00;0.00
3;7896862991074;7896862991074;3;21.22;0.00;0.00
3;7896862960261;7896862960261;3;21.29;0.00;0.00
3;7898100243808;7898100243808;1;5.15;0.00;0.00
3;7898133139260;7898133139260;1;6.95;0.00;0.00
3;7899095236400;7899095236400;12;2.70;0.00;0.00
3;7899095244092;7899095244092;2;12.89;0.00;0.00
3;7898687735901;7898687735901;1;7.13;0.00;0.00
3;7899095250901;7899095250901;4;14.18;0.00;0.00
3;7899095201903;7899095201903;4;7.73;0.00;0.00
3;7898133130403;7898133130403;2;2.01;0.00;0.00
3;7895296450034;7895296450034;3;4.46;0.00;0.00
3;7898569764517;7898569764517;4;12.90;0.00;0.00
3;7899095204720;7899095204720;12;4.12;0.00;0.00
3;7897917004909;7897917004909;5;3.82;0.00;0.00
3;7899095243804;7899095243804;2;20.65;0.00;0.00
3;7899620911857;7899620911857;14;2.48;0.00;0.00
3;7899095242203;7899095242203;6;6.15;0.00;0.00
3;7899095257788;7899095257788;3;9.02;0.00;0.00
3;7893454100678;7893454100678;14;3.94;0.00;0.00
3;7893454100715;7893454100715;2;12.95;0.00;0.00
3;7899095201378;7899095201378;4;14.18;0.00;0.00
3;7899470808314;7899470808314;4;5.70;0.00;0.00
3;7896862940041;7896862940041;4;2.23;0.00;0.00
4;0000045
2;07224991001379;NAZARIA DISTRIBUIDORA DE PRODUTOS FARMACEUTICOS LTDA;14918;60560375;45
3;7898947170039;7898947170039;3;29.74;0.00;0.00
4;0000001
2;01206820002655;PANPHARMA DISTRIBUIDORA DE MEDICAMENTOS LTDA;20453;60560382;60
3;7898636190782;7898636190782;1;15.10;0.00;9.00
4;0000001
2;33661263000109;PERPETUO SOCORRO COMERCIO DE MEDICAMENTOS EIRELI;18895;60560379;60
3;7897732603349;7897732603349;10;10.98;0.00;0.00
3;7899095201972;7899095201972;20;2.09;0.00;0.00
3;7899095238473;7899095238473;4;2.59;0.00;0.00
3;7899095201941;7899095201941;10;6.98;0.00;0.00
3;7899095203532;7899095203532;6;7.39;0.00;0.00
3;7893454100661;7893454100661;7;9.49;0.00;0.00
3;7899095203518;7899095203518;2;11.49;0.00;0.00
3;7894164006755;7894164006755;2;5.59;0.00;0.00
3;7899095204980;7899095204980;3;2.29;0.00;0.00
3;7899095202146;7899095202146;2;11.29;0.00;0.00
3;7898060131535;7898060131535;1;7.19;0.00;0.00
3;7899620910485;7899620910485;8;4.19;0.00;0.00
3;7898719040690;7898719040690;6;7.98;0.00;0.00
3;7899470808338;7899470808338;6;2.39;0.00;0.00
4;0000014
5;0000061;5.0
